#OTU ID	1.2RO	1.8RO	2.10RO	2.14RO	2.3RO	2.7RO	3.14RO	3.7RO	4.12RO	4.16RO	4.1RO	5.14RO	5.8RO	6.13RO	7.1RO	7.23RO	7.9RO	1.8RI	2.10RI	2.11RI	2.13RI	2.14RI	2.3RI	3.10RI	3.13RI	3.14RI	3.4RI	4.12RI	4.1RI	5.14RI	5.8RI	6.13RI	7.1RI	7.9RI	1.2NR	1.8NR	2.10NR	2.11NR	2.15RI	2.3NR	2.7NR	3.10NR	3.16RI	3.4NR	3.7NR	4.12NR	4.16RI	4.1NR	5.8NR	6.16RI	7.1NR	7.9NR	2.14NR	2.15NR	2.15RO	2.16NR	2.16RO	3.14NR	3.16NR	3.16RO	4.16NR	4.18NR	5.14NR	6.16NR	7.23NR	taxonomy
ANAGLYCOLYSIS-PWY	307	385	526	711	356	206	1732	566	21	1649	3723	799	1055	8822	518	143	292	1091	1171	745	753	3182	2613	1073	741	1277	4093	1096	3182	1128	1163	947	994	415	56	55	151	173	84	300	81	52	159	212	326	46	110	1166	218	91	836	57	233	152	100	106	133	270	93	125	81	157	60	59	72	glycolysis III (from glucose)
ARGININE-SYN4-PWY	335	1011	892	2418	493	1217	1594	671	270	1918	4257	1320	1039	8423	601	506	1116	1705	1262	856	835	3519	3435	1201	816	1340	4700	1204	4525	1232	1382	1072	1215	461	66	64	169	182	99	318	94	60	207	244	354	53	126	1244	258	105	1023	66	265	164	311	123	360	312	108	234	94	177	69	68	83	L-ornithine de novo  biosynthesis
ARGSYN-PWY	102	73	0	0	52	47	319	64	0	40	0	0	0	0	0	0	48	1030	1049	902	838	3233	396	1152	761	1166	2569	1146	1039	1120	1145	1082	995	430	72	70	166	178	96	273	103	67	161	205	329	57	116	419	210	103	451	72	211	160	72	134	126	271	108	128	104	174	77	76	93	L-arginine biosynthesis I (via L-ornithine)
CALVIN-PWY	482	1104	1115	2517	651	1247	2209	855	290	2331	5546	1705	1401	9452	759	517	1160	1654	1471	795	870	3835	4576	1234	853	1683	5384	1316	5249	1401	1389	1089	1237	479	58	56	184	215	89	400	84	53	193	309	397	47	116	1546	349	95	1190	60	289	173	315	110	351	338	97	223	83	172	62	60	74	Calvin-Benson-Bassham cycle
CITRULBIO-PWY	0	0	0	0	0	0	0	0	0	0	0	0	0	0	0	0	35	94	0	186	133	422	0	146	98	140	0	168	0	189	140	218	85	91	0	0	0	0	0	0	0	0	0	0	0	0	0	0	0	0	0	25	0	0	0	0	0	0	0	0	0	0	0	0	0	L-citrulline biosynthesis
COA-PWY-1	382	1151	1033	2766	571	1383	1785	761	310	2177	4868	1538	1195	9648	687	578	1268	1668	1066	264	448	2590	3997	760	558	1127	4814	803	5008	942	1135	541	1019	317	8	4	101	110	57	272	12	0	177	212	259	14	86	1345	231	57	1088	13	226	97	344	20	386	248	51	235	4	96	0	0	0	coenzyme A biosynthesis II (mammalian)
FAO-PWY	845	373	751	633	810	267	4309	1276	52	3587	8877	1049	2282	17106	1137	103	429	1756	2957	2700	2393	8849	5565	3068	2134	3804	9684	3246	6365	3308	2753	3084	2360	1224	217	215	447	563	236	821	310	209	313	652	824	162	273	2086	726	267	1243	224	515	458	137	398	152	715	325	184	321	533	241	236	290	fatty acid &beta;-oxidation I
FASYN-ELONG-PWY	2099	239	526	178	1742	49	2156	901	35	1178	4323	903	1507	3090	421	0	115	87	854	158	1466	3094	13501	396	2377	6242	4790	3772	2305	758	1742	429	1834	913	0	0	99	1208	0	1526	0	0	0	1918	231	0	0	729	2415	0	462	18	124	577	24	0	0	1178	0	0	0	32	0	0	0	fatty acid elongation -- saturated
FASYN-INITIAL-PWY	0	0	0	0	0	0	0	0	0	0	0	0	0	110	0	0	0	7	107	0	0	7	30	0	25	22	0	0	0	0	0	0	0	27	0	0	0	0	0	0	0	0	0	0	0	0	0	15	0	0	0	0	0	0	0	0	0	0	0	0	0	31	0	0	0	superpathway of fatty acid biosynthesis initiation (E. coli)
GLUCONEO-PWY	76	373	608	406	230	33	628	44	87	239	0	1119	0	608	0	0	33	730	994	718	728	2935	2018	1009	647	1107	2050	1006	728	1024	921	920	788	356	55	53	150	163	72	284	79	51	122	188	321	43	90	806	195	79	708	56	177	138	44	102	85	233	86	75	79	143	59	58	71	gluconeogenesis I
GLUCOSE1PMETAB-PWY	149	0	0	0	134	0	114	39	0	252	103	26	81	449	0	0	8	22	26	48	125	237	989	35	196	482	781	302	43	47	149	57	146	81	0	0	0	88	0	109	0	0	0	140	12	0	0	0	176	0	0	7	0	43	0	0	0	90	0	0	0	0	0	0	0	glucose and glucose-1-phosphate degradation
GLUDEG-I-PWY	205	0	0	20	203	24	1004	74	0	22	114	20	202	435	0	0	15	78	0	51	282	302	1593	164	348	800	376	538	73	103	259	65	261	137	0	0	0	155	0	192	0	0	0	182	0	0	0	333	195	0	138	8	0	81	0	0	8	153	0	0	0	0	0	0	0	GABA shunt
GLYOXYLATE-BYPASS	658	1522	1570	3454	871	1673	3263	1189	393	3358	7736	2443	2048	16753	1062	693	1563	2398	2360	1570	1536	6417	6302	2128	1425	2575	8003	2171	7259	2320	2183	1991	1933	801	124	122	324	345	161	609	178	118	304	458	672	96	203	2211	508	178	1747	123	449	295	429	231	484	526	201	320	181	339	135	133	163	glyoxylate cycle
HEME-BIOSYNTHESIS-II	374	1140	992	2754	555	1383	1763	739	306	2134	4648	1456	1170	9651	663	578	1265	1786	1233	733	742	3253	3896	1091	778	1284	4943	1120	4947	1137	1355	943	1201	435	55	52	150	168	90	311	79	49	206	246	326	45	119	1337	260	95	1099	55	264	152	347	104	396	308	97	248	77	163	56	55	68	heme biosynthesis I (aerobic)
HSERMETANA-PWY	218	1109	801	2770	438	1428	413	584	306	1445	3483	973	628	667	533	599	1293	1764	465	224	260	1377	2925	560	467	374	3238	548	4494	300	1140	229	1006	260	11	6	22	10	69	135	18	0	193	134	95	19	94	969	91	61	868	8	186	84	357	29	410	237	27	253	6	26	0	0	0	L-methionine biosynthesis III
LEU-DEG2-PWY	461	347	591	260	497	61	1889	552	42	1106	3808	968	896	1305	491	43	169	149	950	201	452	2390	3373	521	478	1427	2553	862	2546	948	441	536	443	256	0	0	108	188	0	336	0	0	0	296	249	0	0	929	359	0	681	18	141	98	30	0	0	202	0	0	0	38	0	0	0	L-leucine degradation I
LIPASYN-PWY	322	0	0	0	318	0	352	82	0	0	120	0	170	557	0	0	0	0	0	0	330	531	2560	0	404	1084	402	706	11	0	277	0	288	150	0	0	0	200	0	288	0	0	0	302	0	0	0	0	374	0	0	0	0	95	0	0	0	194	0	0	0	0	0	0	0	phospholipases
NONOXIPENT-PWY	554	1254	1355	2734	756	1318	2480	888	315	2652	5676	2114	1615	10801	783	548	1232	1938	2067	1310	1317	5361	5498	1796	1198	2237	6435	1878	5545	1958	1818	1684	1597	670	104	102	286	313	133	528	148	98	245	407	582	80	163	1873	448	145	1398	103	381	252	341	192	389	450	166	258	151	282	113	111	136	pentose phosphate pathway (non-oxidative branch)
P185-PWY	381	1109	1066	2550	576	1239	1884	745	292	2164	4815	1642	1186	9219	672	520	1147	1670	1326	836	857	3666	4012	1225	811	1436	5025	1236	4837	1302	1362	1083	1202	460	64	62	176	185	95	343	92	59	199	248	377	51	121	1391	266	101	1134	65	257	162	315	120	358	308	104	229	92	172	68	66	81	formaldehyde assimilation III (dihydroxyacetone cycle)
P221-PWY	23	74	167	88	10	98	129	12	10	73	0	147	382	382	0	0	82	510	1004	1012	795	2361	721	979	687	791	1020	934	219	840	770	1038	662	413	89	89	143	156	86	162	127	88	93	130	246	65	90	303	117	95	163	86	122	143	17	163	63	182	241	49	134	387	101	99	121	octane oxidation
PANTO-PWY	473	1183	1091	2791	654	1387	1908	786	315	2268	4911	1669	1235	9853	687	578	1275	1893	1427	972	996	4000	4662	1364	1003	1767	5487	1504	5139	1397	1588	1222	1408	541	75	73	195	260	110	430	108	69	227	358	411	60	139	1451	390	117	1180	76	292	210	352	141	405	400	120	260	108	198	80	78	96	phosphopantothenate biosynthesis I
PENTOSE-P-PWY	357	1105	1052	2559	552	1263	1855	749	290	2161	4834	1585	1218	9390	677	526	1168	1724	1419	880	862	3745	4027	1263	816	1368	5047	1211	4913	1348	1415	1129	1232	471	68	66	183	168	100	323	98	63	207	224	388	54	127	1442	219	106	1137	68	283	162	321	128	366	309	116	235	98	194	72	71	87	pentose phosphate pathway
PWY-1042	371	1046	983	2493	550	1228	1688	680	279	2171	4315	1540	1193	10160	603	506	1124	1607	1175	720	770	3276	3964	1080	764	1372	5028	1141	4463	1149	1279	943	1129	420	54	52	152	183	83	337	77	49	189	256	345	44	113	1289	277	90	1051	56	239	154	305	101	351	304	90	219	76	149	56	55	68	glycolysis IV (plant cytosol)
PWY-2723	138	0	0	0	118	0	115	38	0	245	102	25	81	449	0	0	8	22	26	49	129	239	875	36	200	488	764	308	43	47	148	57	144	83	0	0	0	91	0	109	0	0	0	126	12	0	0	0	148	0	0	8	0	45	0	0	0	87	0	0	0	0	0	0	0	trehalose degradation V
PWY-3781	1243	4696	4091	11460	2029	5768	6959	3094	1272	8761	20043	5931	4834	40731	2853	2401	5270	7437	4947	3225	3042	13585	14134	4650	2916	4611	19951	4233	20989	4871	5511	3993	4838	1730	254	245	631	548	395	1107	366	233	876	708	1333	207	516	5435	650	419	4485	243	1050	578	1448	479	1653	1127	437	1040	363	709	268	263	322	aerobic respiration I (cytochrome c)
PWY-4041	0	0	0	0	0	0	0	0	0	0	0	0	0	0	0	0	0	0	0	0	0	0	0	0	0	0	0	0	0	0	0	0	0	0	0	0	0	0	0	0	0	0	0	0	0	0	0	0	0	0	0	0	0	0	0	0	0	0	0	0	0	0	0	0	0	&gamma;-glutamyl cycle
PWY-4321	233	0	0	26	232	0	1204	104	0	0	169	29	277	640	0	0	11	112	0	75	381	439	1765	234	443	968	541	689	108	150	352	95	349	184	0	0	0	177	0	228	0	0	0	205	0	0	0	432	228	0	191	11	0	102	0	0	0	182	0	0	0	0	0	0	0	L-glutamate degradation IV
PWY-4702	364	0	0	0	295	0	232	80	0	405	185	39	168	796	0	0	12	33	39	75	255	421	2248	54	436	1092	1379	671	64	72	299	88	302	168	0	0	0	224	0	260	0	0	0	364	18	0	0	0	437	0	0	12	0	100	0	0	0	208	0	0	0	0	0	0	0	phytate degradation I
PWY-4981	382	1046	953	2440	544	1226	1722	726	275	2013	4647	1419	1113	8516	648	507	1130	1814	1469	1051	1014	4160	3811	1426	970	1599	5088	1448	4844	1455	1576	1303	1382	546	82	80	205	225	117	378	118	76	229	293	423	65	146	1365	311	124	1108	82	305	199	318	154	370	366	129	246	118	213	87	86	105	L-proline biosynthesis II (from arginine)
PWY-4984	348	1035	948	2464	513	1230	1668	710	277	2072	4566	1425	1110	9330	638	506	1132	1710	1321	959	915	3771	3582	1294	863	1420	4990	1287	4719	1328	1425	1179	1254	491	75	73	184	196	106	334	108	70	211	250	382	60	133	1276	264	114	1047	76	270	176	313	141	360	322	118	233	109	192	81	79	97	urea cycle
PWY-5067	415	1062	966	2437	572	1224	1937	765	260	2102	5117	1355	1274	8547	714	516	1142	1884	1538	1116	1044	4314	3977	1505	1005	1683	5281	1485	5123	1523	1605	1346	1405	577	85	82	210	219	121	430	122	78	245	315	455	68	158	1447	312	129	1181	85	328	216	323	159	378	397	134	251	122	221	90	89	108	glycogen biosynthesis II (from UDP-D-Glucose)
PWY-5083	304	288	616	418	346	65	1911	462	41	1630	3397	1173	1043	10924	430	34	121	442	1281	869	828	3291	2522	1108	674	1376	3921	1091	2225	1288	782	1093	697	383	72	72	193	187	71	314	103	71	87	195	367	52	85	988	214	87	639	69	204	145	35	131	33	214	114	42	108	197	81	80	98	NAD/NADH phosphorylation and dephosphorylation
PWY-5129	375	1147	931	2851	542	1441	1099	616	311	2051	3632	1295	1137	10082	535	599	1312	1881	1040	827	812	3005	3873	1091	877	1373	4972	1244	4610	1015	1450	950	1303	476	64	62	134	203	100	334	93	59	221	292	275	52	130	1035	314	106	929	65	241	177	360	121	419	347	117	263	92	187	68	66	81	sphingolipid biosynthesis (plants)
PWY-5136	1023	2978	2459	6907	1489	3406	4093	1951	757	5185	12374	3133	2620	16161	1765	1409	3184	4967	2810	2702	2365	8574	10671	2992	2179	3708	12310	3185	13805	3199	3928	3037	3458	1212	219	218	434	562	251	815	313	212	596	776	788	162	331	3289	810	262	2747	226	689	453	879	402	1008	922	319	660	325	519	244	240	294	fatty acid &beta;-oxidation II (peroxisome)
PWY-5138	713	1999	1973	4548	1051	2275	3871	1454	531	4020	9388	2984	2398	17040	1299	925	2110	3393	2790	1882	1825	7494	7516	2608	1733	2905	9733	2582	9451	2718	2909	2349	2516	1008	140	135	362	359	205	712	201	129	423	506	763	112	267	2658	551	218	2167	150	548	352	583	262	675	660	247	447	200	408	148	145	178	unsaturated, even numbered fatty acid &beta;-oxidation
PWY-5173	460	1502	1429	3471	726	1723	2267	927	398	2661	5859	2249	1418	11348	830	714	1570	2507	2012	1561	1482	5850	5139	2082	1314	2088	6561	2000	6326	1991	2100	1896	1838	745	125	122	302	299	166	539	179	118	321	369	636	97	208	1823	384	176	1570	124	395	281	440	233	511	498	184	337	182	295	135	133	163	superpathway of acetyl-CoA biosynthesis
PWY-5189	381	1013	900	2418	541	1214	1650	689	270	2048	4316	1340	1085	8684	601	505	1118	1597	1191	740	763	3224	3793	1049	778	1364	4831	1161	4481	1119	1292	952	1150	435	54	52	149	186	83	324	77	49	184	256	325	44	108	1226	279	88	998	58	250	157	305	101	348	309	90	219	76	153	56	55	68	tetrapyrrole biosynthesis II (from glycine)
PWY-5328	189	972	708	2407	378	1234	387	518	259	1277	3264	860	569	613	493	520	1124	1542	434	196	228	1243	2506	488	401	348	2867	480	4097	284	971	208	856	229	9	5	21	10	59	122	14	0	170	114	88	16	83	877	79	53	764	7	168	73	313	24	357	200	25	220	5	25	0	0	0	superpathway of L-methionine salvage and degradation
PWY-5464	0	0	250	237	0	438	278	256	145	274	141	275	971	143	0	0	248	595	0	206	206	547	1430	441	143	256	872	167	210	15	276	240	320	102	0	0	0	0	0	266	0	0	93	141	170	0	62	387	182	0	565	0	83	81	0	0	49	167	0	0	0	0	0	0	0	superpathway of cytosolic glycolysis (plants), pyruvate dehydrogenase and TCA cycle
PWY-5514	258	287	455	329	302	120	1630	470	17	1440	3214	695	900	1395	429	56	182	888	1207	839	786	3305	2158	1146	718	1133	3722	1066	2564	1182	1126	1041	950	414	67	65	167	143	93	260	96	62	142	170	333	53	110	1059	166	101	724	65	232	143	64	125	88	247	107	94	96	176	71	70	86	UDP-N-acetyl-D-galactosamine biosynthesis II
PWY-561	602	598	960	1076	770	465	2561	1124	91	3145	7362	1352	1800	13647	1006	181	681	2020	2006	1368	1338	5586	5367	1890	1336	2263	7671	1968	6526	1960	2169	1684	1905	755	104	100	250	297	156	532	150	94	296	419	541	85	198	1918	450	166	1344	106	416	271	210	196	235	508	176	236	148	289	108	106	130	superpathway of glyoxylate cycle and fatty acid degradation
PWY-5651	172	0	0	0	143	0	583	48	0	0	72	0	100	417	0	0	0	15	173	0	119	175	1171	0	237	556	238	331	14	37	188	1	159	99	0	0	0	103	0	139	0	0	0	157	0	0	0	15	187	0	64	0	0	53	0	0	0	108	43	0	0	72	0	0	0	L-tryptophan degradation to 2-amino-3-carboxymuconate semialdehyde
PWY-5659	590	1498	1373	3431	821	1742	2592	1180	379	3110	7880	1852	1906	11596	1086	732	1631	2425	2069	1134	1157	5414	5522	1733	1211	2087	7396	1777	7495	1952	2041	1529	1808	702	78	72	247	252	144	474	113	65	295	365	531	69	182	2007	363	151	1579	79	433	242	450	151	507	469	135	330	105	239	75	74	90	GDP-mannose biosynthesis
PWY-5667	251	1024	930	2432	468	1216	1112	618	272	1863	4188	1404	932	8323	583	498	1109	1589	1139	699	696	3081	3364	1033	621	1061	4215	968	4414	1105	1154	912	1019	377	54	52	149	120	83	279	77	49	186	169	324	44	110	1182	145	88	996	52	236	130	305	101	350	256	90	219	76	149	56	55	68	CDP-diacylglycerol biosynthesis I
PWY-5690	545	1626	1457	3875	803	1944	2599	1093	433	3082	6998	2146	1722	13500	986	812	1785	2575	1879	1220	1200	5152	5599	1734	1183	2007	7217	1745	7258	1819	2029	1537	1788	670	94	91	244	262	142	477	135	86	304	364	520	76	182	1971	386	150	1608	94	393	238	491	176	560	459	155	356	134	257	99	97	119	TCA cycle II (plants and fungi)
PWY-5695	379	1167	945	2843	545	1438	1063	739	307	2081	5081	1218	1170	8613	697	592	1323	1764	984	226	301	2173	3846	542	561	1075	4708	746	5282	838	1163	389	1074	330	8	4	64	117	61	236	13	0	193	232	182	15	94	1217	237	62	965	6	245	104	363	21	410	270	55	252	4	104	0	0	0	urate biosynthesis/inosine 5'-phosphate degradation
PWY-5705	111	0	0	0	84	0	84	26	0	0	39	0	55	138	0	0	0	0	0	0	66	69	685	0	126	323	129	192	9	0	80	0	87	42	0	0	0	68	0	81	0	0	0	108	0	0	0	0	139	0	0	0	0	31	0	0	0	64	0	0	0	0	0	0	0	allantoin degradation to glyoxylate III
PWY-5871	0	0	0	0	0	0	104	29	0	0	49	0	75	168	0	0	0	0	24	0	15	65	382	0	53	57	181	19	10	0	45	1	79	18	0	0	0	0	0	10	0	0	0	0	0	0	0	0	27	0	0	0	0	0	0	0	0	0	0	0	0	0	0	0	0	ubiquinol-9 biosynthesis (eukaryotic)
PWY-5873	0	0	0	0	0	0	104	29	0	0	49	0	75	168	0	0	0	0	24	0	15	65	382	0	53	57	181	19	10	0	45	1	79	18	0	0	0	0	0	10	0	0	0	0	0	0	0	0	27	0	0	0	0	0	0	0	0	0	0	0	0	0	0	0	0	ubiquinol-7 biosynthesis (eukaryotic)
PWY-5920	378	1073	944	2575	548	1293	1704	713	287	2090	4476	1395	1126	9136	630	539	1187	1686	1212	737	752	3238	3841	1070	774	1321	4886	1140	4702	1128	1323	948	1175	433	54	52	149	177	87	317	78	49	194	251	325	44	113	1279	269	91	1046	57	257	155	325	102	370	309	93	233	77	158	56	55	68	superpathway of heme biosynthesis from glycine
PWY-5989	323	0	0	0	281	0	320	93	0	0	147	0	191	452	0	0	18	49	0	109	313	545	2186	80	462	1031	519	713	62	105	373	127	358	203	0	0	0	171	0	243	0	0	0	238	0	0	0	0	213	0	0	17	0	99	0	0	0	204	0	0	0	0	0	0	0	stearate biosynthesis II (bacteria and plants)
PWY-5994	2065	231	514	171	1724	47	2133	888	33	1157	4246	886	1495	3125	412	0	111	83	842	153	1452	3045	13369	385	2354	6160	4739	3736	2245	744	1719	418	1813	904	0	0	97	1184	0	1506	0	0	0	1876	227	0	0	713	2350	0	450	14	121	571	23	0	0	1165	0	0	0	31	0	0	0	palmitate biosynthesis I (animals and fungi)
PWY-6030	0	0	0	0	0	0	0	0	0	0	0	2	0	0	0	0	0	0	0	2	20	43	286	31	0	28	0	0	0	18	61	8	5	0	0	0	0	0	0	0	0	0	0	0	15	0	0	144	0	0	5	0	0	0	0	0	0	0	0	0	0	0	0	0	0	serotonin and melatonin biosynthesis
PWY-6121	27	16	0	0	12	11	78	14	0	8	0	2	0	0	0	0	11	452	604	637	550	1908	616	726	473	621	917	713	266	668	652	727	544	265	52	51	106	115	63	145	74	49	87	115	192	40	72	161	107	68	202	51	113	105	21	96	43	159	74	53	76	116	56	55	68	5-aminoimidazole ribonucleotide biosynthesis I
PWY-6126	501	1645	1418	3991	771	2008	2296	1049	441	3032	6678	2058	1582	12267	951	839	1836	2600	1679	1042	1042	4566	5321	1554	1076	1743	6997	1554	7165	1571	1917	1317	1706	611	77	73	205	218	130	433	111	68	301	329	458	65	173	1881	346	136	1551	79	371	214	504	146	573	432	132	361	108	216	78	77	94	superpathway of adenosine nucleotides de novo biosynthesis II
PWY-621	305	0	0	0	279	0	308	105	0	593	297	69	216	1233	0	0	22	62	75	138	326	656	2003	102	468	1068	1821	719	125	135	382	161	369	204	0	0	0	189	0	240	0	0	0	274	34	0	0	0	328	0	0	20	0	104	0	0	0	201	0	0	0	0	0	0	0	sucrose degradation III (sucrose invertase)
PWY-6305	455	715	1025	839	585	188	2376	771	116	1963	5199	1582	1425	8724	702	105	348	904	1535	903	1017	4113	4142	1301	970	1958	4782	1538	4283	1501	1313	1202	1174	533	70	68	199	291	92	450	100	65	137	334	422	54	114	1574	360	97	1131	70	279	206	93	129	68	362	124	82	101	212	75	74	90	putrescine biosynthesis IV
PWY-6307	596	322	610	434	591	155	2052	502	89	1679	3277	1185	1065	11364	407	27	190	1882	3437	3802	3580	11024	5011	4310	2892	4416	5459	4528	2874	3743	3489	4451	2815	1606	315	312	667	834	345	982	450	304	386	837	1180	235	371	1733	900	380	902	315	601	674	93	578	161	940	491	209	466	794	350	343	421	L-tryptophan degradation X (mammalian, via tryptamine)
PWY-6309	182	0	0	0	134	0	112	40	0	0	58	0	84	208	0	0	0	0	13	0	102	123	1104	0	200	520	196	304	6	0	124	0	136	66	0	0	0	112	0	130	0	0	0	182	0	0	0	0	236	0	0	0	0	50	0	0	0	104	0	0	0	0	0	0	0	L-tryptophan degradation XI (mammalian, via kynurenine)
PWY-6313	723	334	572	180	731	101	1601	597	35	1135	4026	1001	835	1476	451	18	159	2318	4104	4928	4153	13012	6125	5043	3363	5173	6805	5260	3656	4450	4111	5317	3338	1873	427	427	781	954	413	1154	608	420	462	965	1388	309	436	2133	1031	456	1137	418	719	776	121	777	207	1094	602	260	639	954	483	474	581	serotonin degradation
PWY-6317	345	357	610	325	415	81	1642	538	50	1057	3726	969	877	1174	491	52	154	150	981	122	410	2367	2786	556	301	1149	2257	679	2688	934	412	547	352	203	0	0	118	140	0	270	0	0	0	194	273	0	0	973	231	0	653	0	158	72	39	0	0	149	0	0	0	53	0	0	0	galactose degradation I (Leloir pathway)
PWY-6318	1071	1376	1196	3133	1132	1604	2640	1061	349	1955	6198	1613	1560	2260	851	680	1472	2312	2037	1222	1583	5437	8577	1749	1867	3722	5628	2871	6295	1712	2371	1590	2114	881	93	90	276	661	138	920	134	86	277	963	567	75	166	2023	1135	137	1497	88	455	427	418	175	483	816	121	315	134	225	99	97	119	L-phenylalanine degradation IV (mammalian, via side chain)
PWY-6342	559	281	525	165	548	60	1519	546	32	836	3731	898	777	883	421	17	109	636	1793	1435	1472	5348	4348	1779	1226	2544	2948	2038	2623	1925	1455	1804	1141	653	121	121	300	432	114	572	172	119	120	493	595	87	117	1481	568	125	830	116	295	286	47	219	48	442	146	63	181	257	137	135	165	noradrenaline and adrenaline degradation
PWY-6351	576	1414	1434	3156	807	1529	2888	1136	352	3103	7563	2182	1799	13250	1039	637	1445	2534	2046	1307	1330	5916	5368	1983	1319	2278	7651	1934	7142	2108	2191	1680	1938	768	95	90	264	284	157	562	137	84	327	393	596	80	208	2033	406	167	1656	97	421	266	411	181	482	508	180	331	133	294	97	95	116	D-myo-inositol (1,4,5)-trisphosphate biosynthesis
PWY-6435	803	319	661	537	745	226	4134	1199	44	3351	8421	919	2145	15844	1067	87	368	1586	2876	2869	2462	8843	5080	3098	2134	3776	9231	3270	5847	3317	2667	3192	2277	1231	234	234	452	572	239	799	334	229	294	632	811	172	269	1929	704	272	1122	243	493	464	118	428	131	697	330	164	349	537	263	258	316	4-hydroxybenzoate biosynthesis V
PWY-6527	450	1182	1415	1687	699	408	2336	864	274	2435	5925	2204	1514	10449	792	75	568	1555	1829	1178	1167	5015	4914	1691	1059	1864	5861	1632	5318	1806	1699	1514	1492	615	91	88	247	240	128	455	130	84	229	310	529	72	160	1763	323	138	1420	92	339	217	159	170	212	390	154	178	131	255	97	95	116	stachyose degradation
PWY-6545	322	167	312	175	363	164	1690	676	0	1296	4790	152	977	615	651	85	231	954	986	840	794	3276	1794	1157	746	1249	3461	1085	3841	1141	1143	974	962	452	63	59	140	158	95	317	91	55	167	198	307	53	123	1037	188	101	703	64	181	163	85	120	77	283	98	93	88	152	63	62	76	pyrimidine deoxyribonucleotides de novo biosynthesis III
PWY-6595	571	1328	1392	2920	783	1441	2924	1098	334	2549	7615	2107	1732	8870	1034	604	1353	2165	2001	1512	1459	5973	5304	2039	1263	2290	6199	1973	6866	2167	1964	1841	1725	745	124	122	301	311	155	575	178	118	284	382	613	96	192	1935	392	166	1554	118	365	276	380	230	426	482	186	286	181	298	135	133	163	superpathway of guanosine nucleotides degradation (plants)
PWY-6606	605	1390	1460	3038	827	1497	3001	1142	348	2646	7995	2199	1823	8962	1081	627	1410	2262	2112	1592	1539	6269	5615	2140	1343	2430	6472	2097	7206	2264	2072	1937	1822	789	130	128	317	332	163	607	188	124	297	412	644	101	200	2031	425	175	1620	125	386	293	397	243	445	512	199	299	191	319	142	140	171	guanosine nucleotides degradation II
PWY-6608	425	1210	994	2880	597	1448	1147	835	310	2262	5967	1263	1293	8764	806	598	1352	1819	1053	229	307	2268	4116	556	584	1147	5062	775	5902	879	1216	398	1127	347	8	4	66	121	63	249	13	0	200	249	188	15	98	1305	252	64	1018	6	262	108	374	21	416	285	57	258	4	109	0	0	0	guanosine nucleotides degradation III
PWY-6609	335	1006	801	2416	476	1199	870	678	258	1919	4596	1003	1018	8430	634	500	1114	1495	806	159	216	1679	3273	399	435	865	4201	568	4634	660	946	281	881	260	5	3	46	89	47	185	9	0	161	187	136	11	75	1033	189	47	812	4	208	79	309	15	348	218	41	215	3	79	0	0	0	adenine and adenosine salvage III
PWY-6837	375	1176	1015	2883	560	1478	1717	771	327	2167	4837	1432	1183	8589	687	605	1346	1952	1205	805	791	3237	4099	1147	825	1345	5035	1192	5259	1161	1463	974	1269	479	55	53	143	162	94	349	80	49	227	259	308	47	131	1359	280	98	1110	64	266	166	364	106	421	341	103	261	77	168	56	55	68	fatty acid beta-oxidation V (unsaturated, odd number, di-isomerase-dependent)
PWY-6857	249	0	0	0	189	0	261	59	0	0	87	0	124	311	0	0	24	65	0	147	247	461	1539	107	354	815	292	554	66	142	280	171	257	165	0	0	0	154	0	183	0	0	0	240	0	0	0	0	299	0	0	23	0	72	0	0	0	147	0	0	0	0	0	0	0	retinol biosynthesis
PWY-6936	0	0	0	0	0	0	18	0	0	0	0	0	0	0	0	0	8	22	0	48	33	102	0	35	24	53	0	41	11	47	34	56	20	23	0	0	0	0	0	0	0	0	0	0	0	0	0	0	0	0	0	7	0	0	0	0	0	0	0	0	0	0	0	0	0	seleno-amino acid biosynthesis
PWY-7007	629	259	528	436	603	183	1928	960	35	2634	6599	717	1587	10733	851	70	300	1324	1850	1407	1381	5462	4083	1908	1603	2528	7179	2288	4822	1792	2158	1580	1852	909	99	91	198	360	181	578	143	82	244	505	448	89	209	1494	559	191	893	108	380	334	97	193	107	560	188	136	132	293	94	92	113	methyl ketone biosynthesis
PWY-7039	7	7	0	155	56	224	192	0	0	181	18	6	37	0	0	9	122	337	0	80	49	110	310	167	66	106	467	60	8	29	25	45	12	39	0	0	0	0	0	157	0	0	41	54	76	0	29	172	43	0	165	0	34	37	0	0	66	78	0	0	0	0	0	0	0	phosphatidate metabolism, as a signaling molecule
PWY-7111	522	1353	1406	2894	745	1354	2542	974	330	2814	6251	2097	1819	12938	872	555	1326	2152	1885	1172	1162	4962	5339	1664	1143	1957	6707	1685	6185	1825	1862	1489	1669	649	90	87	238	260	131	468	129	83	266	355	506	72	167	1871	382	140	1466	91	371	227	369	168	418	431	174	285	129	291	95	93	114	pyruvate fermentation to isobutanol (engineered)
PWY-7118	394	394	687	320	480	135	1885	583	49	1250	3912	1135	913	1259	519	57	166	853	1412	710	887	4047	3400	1349	858	1708	3420	1377	2962	1432	1117	1022	937	503	21	11	151	211	89	461	34	0	152	319	404	35	120	1324	338	93	1007	55	277	196	58	55	52	350	49	66	12	85	0	0	0	chitin degradation to ethanol
PWY-7184	460	1597	1338	3904	727	1955	1946	960	419	2856	6307	1919	1450	10855	900	823	1787	2527	1461	896	914	4027	5056	1390	983	1544	6547	1397	6889	1353	1783	1123	1590	558	64	60	172	186	119	402	93	55	291	309	402	56	163	1752	308	123	1469	67	339	196	494	124	561	411	113	351	88	180	63	62	76	pyrimidine deoxyribonucleotides de novo biosynthesis I
PWY-7196	229	1294	891	3286	468	1711	435	641	359	1587	3841	1058	660	739	594	717	1538	2047	488	233	277	1442	3099	588	489	408	3503	579	5140	315	1222	240	1081	271	11	6	24	12	73	145	18	0	219	138	101	20	102	1062	97	65	964	9	202	89	425	30	487	248	28	297	6	28	0	0	0	superpathway of pyrimidine ribonucleosides salvage
PWY-7197	402	1448	1187	3536	645	1772	1676	864	377	2469	5593	1662	1250	8708	808	754	1623	2284	1288	796	800	3556	4412	1233	864	1322	5662	1221	6203	1185	1595	990	1424	494	57	54	150	157	109	340	83	49	262	263	349	50	145	1564	258	110	1309	59	306	171	452	111	511	360	99	322	78	158	56	55	68	pyrimidine deoxyribonucleotide phosphorylation
PWY-7208	486	1393	1193	3376	705	1700	1902	903	373	2516	5663	1718	1352	9880	805	712	1552	2179	1382	839	889	3794	4944	1279	963	1597	5887	1389	6069	1276	1659	1062	1487	525	64	60	168	196	110	398	92	56	252	336	376	54	144	1591	353	114	1305	62	309	195	428	122	486	401	108	306	89	176	64	63	77	superpathway of pyrimidine nucleobases salvage
PWY-7209	155	95	215	54	220	43	565	320	11	592	2328	130	609	404	302	0	87	85	412	68	122	854	1464	190	182	328	1360	315	1756	302	165	143	226	122	0	0	17	8	0	96	0	0	0	91	63	0	0	496	67	0	262	0	101	41	23	0	0	92	0	0	0	32	0	0	0	superpathway of pyrimidine ribonucleosides degradation
PWY-7210	319	183	334	193	373	180	1656	681	0	1339	4729	166	974	676	650	93	251	1003	997	830	777	3246	1878	1147	739	1215	3533	1069	3921	1127	1156	962	978	448	62	59	138	151	96	309	90	54	171	196	305	52	123	1056	186	100	728	63	187	159	92	118	84	282	97	100	86	151	63	61	75	pyrimidine deoxyribonucleotides biosynthesis from CTP
PWY-7219	536	1678	1463	4042	806	2034	2539	1089	448	3120	6955	2141	1659	13311	986	850	1861	2645	1825	1137	1133	4924	5579	1660	1140	1910	7232	1671	7359	1722	1992	1448	1766	646	85	82	230	247	136	464	123	77	307	356	501	70	179	1975	376	143	1624	87	391	228	512	161	582	452	143	367	121	239	89	87	107	adenosine ribonucleotides de novo biosynthesis
PWY-7228	524	1512	1394	3523	781	1750	1971	927	399	2578	5684	2091	1458	9893	806	726	1598	2519	1668	1130	1142	4848	5703	1745	1214	1873	6390	1742	6281	1573	2047	1380	1822	677	81	75	207	242	151	498	117	68	315	388	481	72	194	1775	402	155	1523	83	372	248	448	157	519	510	137	343	109	213	78	77	94	superpathway of guanosine nucleotides de novo biosynthesis I
PWY-7229	498	1593	1367	3863	748	1949	2394	1013	427	2963	6478	2020	1578	13052	919	816	1781	2517	1709	1067	1061	4609	5164	1551	1065	1790	6858	1559	6938	1621	1854	1357	1645	604	80	77	215	231	127	434	115	73	290	327	468	66	167	1829	350	134	1493	82	362	212	490	151	556	419	136	351	114	227	84	82	101	superpathway of adenosine nucleotides de novo biosynthesis I
PWY-7235	0	0	0	0	0	0	175	44	0	0	85	0	130	279	0	0	0	0	43	0	27	104	575	0	87	104	330	37	19	0	74	2	114	31	0	0	0	0	0	18	0	0	0	0	0	0	0	0	43	0	0	0	0	0	0	0	0	0	0	0	0	0	0	0	0	superpathway of ubiquinol-6 biosynthesis (eukaryotic)
PWY-7268	193	0	0	0	186	0	174	57	0	366	153	38	119	664	0	0	12	33	38	72	180	349	1365	53	274	644	1120	420	64	70	217	84	212	116	0	0	0	114	0	148	0	0	0	171	18	0	0	0	204	0	0	11	0	60	0	0	0	123	0	0	0	0	0	0	0	NAD/NADP-NADH/NADPH cytosolic interconversion (yeast)
PWY-7269	276	0	0	0	258	0	236	77	0	497	205	51	160	893	0	0	16	44	51	97	252	475	1915	71	390	937	1538	602	85	94	297	114	291	163	0	0	0	171	0	218	0	0	0	261	24	0	0	0	315	0	0	15	0	87	0	0	0	177	0	0	0	0	0	0	0	NAD/NADP-NADH/NADPH mitochondrial interconversion (yeast)
PWY-7279	1243	4696	4091	11460	2029	5768	6959	3094	1272	8761	20043	5931	4834	40731	2853	2401	5270	7437	4947	3225	3042	13585	14134	4650	2916	4611	19951	4233	20989	4871	5511	3993	4838	1730	254	245	631	548	395	1107	366	233	876	708	1333	207	516	5435	650	419	4485	243	1050	578	1448	479	1653	1127	437	1040	363	709	268	263	322	aerobic respiration II (cytochrome c) (yeast)
PWY-7282	359	523	801	811	457	253	1894	602	107	1898	3949	1361	1143	10278	523	73	303	1171	1392	883	878	3776	3243	1270	864	1471	4783	1277	3265	1331	1333	1121	1176	488	67	65	179	197	102	350	97	62	182	267	383	55	131	1192	286	109	959	68	270	172	93	127	117	330	114	125	96	189	71	70	86	4-amino-2-methyl-5-phosphomethylpyrimidine biosynthesis (yeast)
PWY-7288	927	2799	2191	6663	1352	3299	2189	1765	719	4704	11062	2723	2314	14266	1593	1373	3071	4586	2207	1442	1478	6177	9716	2123	1885	2886	11000	2578	12729	1989	3475	1673	3065	1043	99	91	213	388	215	702	144	81	534	693	512	92	287	2922	726	212	2453	108	602	373	841	195	959	813	204	615	132	320	93	92	112	fatty acid &beta;-oxidation (peroxisome, yeast)
PWY-7385	272	260	406	281	295	77	1540	451	15	1212	3105	633	781	1754	414	53	148	605	1043	732	714	2928	2127	971	641	1201	3140	1002	2357	1050	878	917	739	364	56	55	145	168	69	271	80	53	97	191	305	43	80	937	194	75	668	58	191	135	49	104	49	222	81	59	82	139	61	60	73	1,3-propanediol biosynthesis (engineered)
PWY-7388	644	263	527	204	902	57	1834	815	39	1138	4129	858	1150	1191	425	0	131	100	809	175	1071	2892	5840	421	1219	2230	4138	1862	2407	744	1547	444	1474	622	0	0	97	284	0	546	0	0	0	373	223	0	0	738	303	0	479	16	126	267	28	0	0	525	0	0	0	40	0	0	0	octanoyl-[acyl-carrier protein] biosynthesis (mitochondria, yeast)
PWY-7409	283	179	358	140	305	0	377	77	34	59	115	790	161	565	0	0	8	22	233	49	340	1185	2478	245	369	981	382	660	22	339	265	258	272	142	0	0	57	173	0	264	0	0	0	265	165	0	0	226	331	0	330	8	0	85	0	0	0	174	0	0	0	0	0	0	0	phospholipid remodeling (phosphatidylethanolamine, yeast)
PWY-7411	301	1016	1040	1415	535	193	1338	644	210	1832	4297	1606	1058	8548	598	191	377	1314	1324	820	831	3604	3956	1206	737	1294	4385	1161	3859	1301	1288	1072	1122	438	63	61	176	152	94	341	90	58	189	209	381	51	121	1349	194	100	1121	62	262	156	115	118	142	299	104	149	90	173	66	65	80	superpathway of phosphatidate biosynthesis (yeast)
PWY-7420	165	0	0	0	142	0	120	39	0	261	103	26	82	455	0	0	8	22	26	49	128	240	1056	36	207	523	814	318	43	47	152	57	150	85	0	0	0	98	0	119	0	0	0	160	12	0	0	0	204	0	0	8	0	46	0	0	0	96	0	0	0	0	0	0	0	monoacylglycerol metabolism (yeast)
PWY-922	364	1096	984	2610	542	1305	1704	720	293	1997	4576	1464	1112	8496	647	545	1198	1686	1201	747	773	3348	3780	1113	759	1308	4622	1133	4781	1169	1320	973	1161	422	58	56	158	172	90	310	83	53	194	241	341	47	113	1328	259	94	1064	57	251	151	329	109	375	297	88	236	82	145	61	60	73	mevalonate pathway I
PWY0-1319	251	1024	930	2432	468	1216	1112	618	272	1863	4188	1404	932	8323	583	498	1109	1589	1139	699	696	3081	3364	1033	621	1061	4215	968	4414	1105	1154	912	1019	377	54	52	149	120	83	279	77	49	186	169	324	44	110	1182	145	88	996	52	236	130	305	101	350	256	90	219	76	149	56	55	68	CDP-diacylglycerol biosynthesis II
PWY1F-823	0	0	0	0	0	0	22	0	0	0	0	0	0	0	0	0	0	0	13	0	0	24	234	0	0	0	0	0	26	61	21	13	0	0	0	0	0	0	0	0	0	0	0	0	0	0	0	0	0	0	0	0	0	0	0	0	0	0	0	0	0	0	0	0	0	leucopelargonidin and leucocyanidin biosynthesis
PWY3DJ-35471	186	0	0	0	177	0	167	56	0	344	152	38	116	593	0	0	12	32	38	71	175	345	1315	52	261	616	1050	402	64	69	208	83	202	112	0	0	0	101	0	141	0	0	0	153	17	0	0	0	173	0	0	11	0	57	0	0	0	116	0	0	0	0	0	0	0	L-ascorbate biosynthesis IV
PWY3O-355	480	0	0	0	430	0	406	148	0	484	316	51	300	1092	0	0	16	44	51	95	394	648	3271	70	631	1488	1779	964	85	93	490	112	496	251	0	0	0	282	0	358	0	0	0	451	23	0	0	0	572	0	0	15	0	146	0	0	0	299	0	0	0	0	0	0	0	stearate biosynthesis III (fungi)
PWY4FS-5	0	58	151	47	0	0	46	0	10	58	0	214	0	28	0	0	0	0	16	0	0	31	419	0	0	45	0	5	0	127	0	16	0	0	0	0	0	0	0	0	0	0	0	0	0	0	0	0	0	0	42	0	0	0	0	0	0	0	0	0	0	0	0	0	0	superpathway of phosphatidylcholine biosynthesis
PWY4FS-7	166	0	0	0	173	0	162	56	0	354	152	38	116	655	0	0	12	33	38	70	171	342	1267	52	251	558	1070	385	64	69	209	82	204	109	0	0	0	91	0	133	0	0	0	139	17	0	0	0	149	0	0	10	0	55	0	0	0	112	0	0	0	0	0	0	0	phosphatidylglycerol biosynthesis I (plastidic)
PWY4FS-8	166	0	0	0	173	0	162	56	0	354	152	38	116	655	0	0	12	33	38	70	171	342	1267	52	251	558	1070	385	64	69	209	82	204	109	0	0	0	91	0	133	0	0	0	139	17	0	0	0	149	0	0	10	0	55	0	0	0	112	0	0	0	0	0	0	0	phosphatidylglycerol biosynthesis II (non-plastidic)
PWY66-201	2653	3704	6195	5678	3065	2454	14312	4059	718	10772	29313	9808	9622	48961	3694	900	2650	7135	13900	11627	10276	38173	22992	13216	8228	14669	30407	13104	22213	14834	10200	13665	9222	4855	987	986	2183	2222	974	3402	1406	969	1219	2308	4136	716	1088	8377	2480	1096	6140	957	2141	1837	749	1797	913	2661	1697	794	1476	2795	1115	1094	1341	nicotine degradation IV
PWY66-374	4	4	0	18	27	29	55	0	0	27	9	3	18	0	0	4	14	67	73	20	23	96	353	52	16	42	70	14	11	12	55	17	3	18	0	0	0	0	0	60	0	0	11	20	34	0	8	10	21	0	61	0	0	14	0	0	0	28	0	0	0	0	0	0	0	C20 prostanoid biosynthesis
PWY66-375	382	1006	916	2427	491	1227	2238	715	270	1933	5186	1645	1307	10065	685	506	1121	1598	1673	1085	1044	4392	3405	1482	907	1626	4763	1412	4440	1595	1215	1372	1074	542	85	84	227	209	109	392	122	80	184	247	467	66	136	1405	248	120	1012	85	297	189	305	159	352	318	157	219	124	264	92	91	111	leukotriene biosynthesis
PWY66-388	136	3	0	0	121	0	117	30	0	4	50	2	77	156	0	3	6	23	0	37	101	156	830	31	166	406	152	260	8	64	124	44	119	67	0	0	0	82	0	96	0	0	0	133	0	0	0	7	171	0	0	6	0	37	0	0	0	77	0	0	0	0	0	0	0	fatty acid &alpha;-oxidation III
PWY66-389	2351	4197	5119	6838	2964	2786	11072	3850	794	10736	26323	8086	6900	44017	3538	1053	3253	8054	8906	6117	6044	24246	21275	8246	5815	10188	27514	8796	23694	8744	8704	7529	7621	3265	481	468	1213	1463	662	2395	690	447	1177	1892	2472	381	802	7828	2010	700	5786	476	1723	1220	981	899	1080	2157	839	959	694	1389	515	505	619	phytol degradation
PWY66-391	956	830	1329	1482	1140	639	3038	1636	125	4462	10804	1794	2491	16517	1468	247	952	2992	2708	1968	1932	7751	7989	2671	2148	3496	11184	3073	9658	2628	3378	2280	2939	1207	142	133	303	487	243	814	205	121	445	726	673	123	304	2711	780	252	1893	152	610	439	296	273	330	830	265	344	194	422	139	137	168	fatty acid &beta;-oxidation VI (peroxisome)
PWY66-398	517	1618	1483	3785	780	1864	2585	1070	425	3085	6840	2218	1714	14128	969	782	1718	2697	2002	1378	1334	5591	5538	1932	1307	2096	7482	1911	7177	1949	2227	1698	1944	741	106	102	263	277	161	501	152	96	333	375	564	86	206	2044	384	171	1658	107	422	263	482	199	559	497	178	368	150	290	110	108	133	TCA cycle III (animals)
PWY66-409	311	1211	969	2942	524	1479	701	710	319	1898	4503	1251	909	1754	656	620	1353	1899	781	294	364	2100	3635	691	601	703	4313	768	5161	572	1255	385	1152	345	13	7	45	27	76	211	20	0	213	194	163	22	109	1220	159	74	1030	10	240	112	376	33	426	285	47	269	7	56	0	0	0	superpathway of purine nucleotide salvage
PWY66-422	398	567	889	688	541	242	1795	718	97	1968	4690	1349	1166	8567	642	79	358	1088	1285	851	853	3571	3850	1200	831	1479	4752	1241	4284	1272	1317	1069	1157	471	64	62	167	198	93	363	92	59	177	280	371	51	121	1298	303	99	1013	66	256	173	105	120	97	327	105	112	92	175	68	66	81	D-galactose degradation V (Leloir pathway)
PWY6666-2	509	242	449	149	499	56	1483	466	27	747	3170	765	694	816	375	20	98	636	1793	1435	1472	5348	4028	1779	1226	2544	2948	2038	2376	1925	1455	1804	1141	653	121	121	300	432	114	572	172	119	120	493	595	87	117	1372	565	125	753	116	295	286	47	219	48	442	146	63	181	257	137	135	165	dopamine degradation
SER-GLYSYN-PWY	470	1299	1229	2921	686	1423	2250	928	332	2526	6011	1831	1421	9868	841	597	1336	2050	1649	1087	1068	4530	4692	1519	1027	1755	5994	1540	6045	1605	1717	1373	1512	584	84	81	219	234	123	417	121	77	251	316	455	67	156	1682	335	131	1364	84	340	208	372	158	420	394	133	277	120	221	89	87	107	superpathway of L-serine and glycine biosynthesis I
SO4ASSIM-PWY	229	123	230	286	238	60	568	123	34	1162	363	525	552	8309	10	0	72	116	586	152	240	939	2233	158	371	802	2775	556	213	381	334	322	367	161	0	0	46	136	0	181	0	0	12	197	117	0	14	290	234	13	256	14	110	73	0	0	0	150	35	0	0	79	0	0	0	sulfate reduction I (assimilatory)
SUCSYN-PWY	49	0	0	0	23	0	120	25	0	17	0	58	171	58	0	0	18	52	61	110	247	523	713	84	336	684	1197	512	97	109	303	129	291	152	0	0	0	117	0	158	0	0	0	144	28	0	0	0	150	0	0	16	0	73	0	0	0	140	0	0	0	0	0	0	0	sucrose biosynthesis I (from photosynthesis)
THRESYN-PWY	375	1110	990	2648	554	1327	1767	744	296	2134	4739	1470	1166	9482	667	553	1217	1766	1257	813	808	3519	3753	1172	804	1357	5006	1183	4925	1224	1381	1040	1223	453	62	60	165	179	96	324	90	57	208	250	356	51	124	1335	267	102	1101	62	268	161	335	118	383	312	104	244	89	172	66	65	79	superpathway of L-threonine biosynthesis
TRNA-CHARGING-PWY	520	1589	1401	3798	782	1918	2452	1053	426	2921	6860	2058	1606	11535	965	799	1758	2522	1780	1112	1118	4895	5392	1638	1121	1876	6833	1653	7140	1697	1944	1430	1714	630	84	81	229	246	133	447	122	76	293	350	494	70	171	1918	367	140	1584	85	376	221	483	160	551	437	143	348	120	235	88	86	105	tRNA charging
TYRFUMCAT-PWY	216	206	385	201	306	73	401	110	45	387	3171	747	408	541	324	6	106	203	394	98	330	1371	2355	429	353	834	1023	643	2256	400	327	294	260	126	0	0	79	122	0	216	15	0	12	226	173	11	0	696	243	11	458	9	33	63	22	15	11	148	42	0	5	70	0	0	0	L-tyrosine degradation I
UDPNACETYLGALSYN-PWY	348	1141	1000	2747	531	1387	1636	729	308	2069	4617	1475	1094	8500	658	577	1265	1807	1230	791	786	3376	3697	1148	779	1271	4826	1146	4951	1173	1367	1004	1208	438	61	59	161	168	95	289	88	56	213	230	345	50	125	1318	244	100	1092	62	263	152	348	115	398	297	101	250	87	165	64	63	77	UDP-N-acetyl-D-glucosamine biosynthesis II
VALSYN-PWY	485	1198	1257	2621	681	1252	2316	874	300	2488	5630	1905	1607	11376	781	526	1182	1859	1703	1067	1067	4532	4898	1512	1039	1815	5949	1546	5458	1662	1657	1359	1481	587	82	80	219	242	117	435	118	76	232	332	466	65	148	1681	359	126	1316	83	328	209	326	154	370	394	154	246	118	258	87	86	105	L-valine biosynthesis
